# YAML
calibration_time: "10/23/13 12:16:00"
nframes: 10
image_width: 640
image_height: 480
board_width: 8
board_height: 6
square_size: 2.5000000372529030e-002
flags: 0
camera_matrix: !!opencv-matrix
   rows: 3
   cols: 3
   dt: d
   data: [ 7.8884977404650726e002, 0., 2.5254246839063737e+002, 0.,
       8.1462550495097753e+002, 2.8740298448791407e+002, 0., 0., 1. ]
distortion_coefficients: !!opencv-matrix
   rows: 5
   cols: 1
   dt: d
   data: [ -3.5717957182634041e-005, 2.6804195465336361e-001,
       -1.0383516338321099e-002, -2.5412888458013070e-002,
       -7.5620822407055754e-001 ]
avg_reprojection_error: 3.3681298856864933e-001
per_view_reprojection_errors: !!opencv-matrix
   rows: 10
   cols: 1
   dt: f
   data: [ 3.86361212e-001, 2.29867220e-001, 3.10413003e-001,
       3.65348041e-001, 1.88474268e-001, 5.39112449e-001,
       4.06254202e-001, 2.96707541e-001, 2.36585736e-001,
       2.59355187e-001 ]
# a set of 6-tuples (rotation vector + translation vector) for each view
extrinsic_parameters: !!opencv-matrix
   rows: 10
   cols: 6
   dt: d
   data: [ -3.0501222834553554e-001, 3.5409962700119202e-001,
       7.7980724360976050e-001, 1.1857048104979408e-001,
       -1.7407897480739074e-001, 6.5159817987619506e-001,
       -3.5085592296653101e-001, 3.4747414445662123e-001,
       5.8807205482830893e-001, 1.2344395129388275e-002,
       -1.4154343731895105e-001, 6.7507572694594375e-001,
       -3.0916938940634153e-001, 2.7540188166282620e-001,
       3.7798841285663315e-001, 7.0213277688085177e-002,
       -1.7622134605102899e-001, 6.3306112427347638e-001,
       -3.4538811171741496e-001, 3.0566651373612922e-002,
       -2.4078070683150897e-002, -2.6726028615072350e-002,
       -1.3152585551013526e-001, 5.7751571834234905e-001,
       -3.7303655579394052e-001, 1.0518452247667415e-001,
       -3.4042161290514551e-002, -3.1558314411424351e-003,
       -1.0223840667754507e-001, 5.9186789300605547e-001,
       -3.7684441874956304e-001, 9.6351728571154413e-002,
       6.0513002411406813e-001, 2.1159436316599566e-002,
       -1.0156443827147603e-001, 6.1615182019673620e-001,
       -6.3895263322580242e-001, 3.5049907524459967e-001,
       1.1935824250640705e+000, 1.4208918961771275e-001,
       -9.3977992484669995e-002, 7.4470065885320125e-001,
       -8.0605695832086044e-001, 3.5069130808351107e-001,
       9.6257565279591961e-001, 4.6643133662837288e-002,
       -8.2206784441417741e-002, 8.8056879690739154e-001,
       -6.5757540754775823e-001, 5.3037559988321836e-001,
       8.0496695876674018e-001, 2.3877739031591211e-001,
       -1.8556542905119705e-001, 8.7600075307321545e-001,
       -6.4844423172599974e-001, 4.7835104556461616e-001,
       7.6743101376035483e-001, 1.6321949051157394e-001,
       -2.1079528690255422e-001, 8.7159165026712648e-001 ]
image_points: !!opencv-matrix
   rows: 10
   cols: 48
   dt: "2f"
   data: [ 3.93890137e+002, 6.97994232e+001, 4.15500977e+002,
       8.60572815e+001, 4.38467407e+002, 1.03118408e+002,
       4.61584442e+002, 1.20356232e+002, 4.86058929e+002,
       1.38651291e+002, 5.11095001e+002, 1.57102463e+002,
       5.37197388e+002, 1.76731033e+002, 5.63892883e+002,
       1.96390152e+002, 3.73233978e+002, 8.96648788e+001,
       3.94655762e+002, 1.06544083e+002, 4.17480255e+002,
       1.24019585e+002, 4.40557770e+002, 1.41935349e+002,
       4.64689301e+002, 1.60412994e+002, 4.89399780e+002,
       1.79579453e+002, 5.14910950e+002, 1.99101974e+002,
       5.41706909e+002, 2.19885666e+002, 3.51796417e+002,
       1.09612259e+002, 3.73489868e+002, 1.27017029e+002,
       3.95825195e+002, 1.45262451e+002, 4.18851776e+002,
       1.63369583e+002, 4.42584015e+002, 1.82486053e+002,
       4.67412445e+002, 2.01974594e+002, 4.92578369e+002,
       2.22331787e+002, 5.19146667e+002, 2.43191681e+002,
       3.30536774e+002, 1.30027084e+002, 3.52044861e+002,
       1.48179550e+002, 3.74361847e+002, 1.66284134e+002,
       3.96796783e+002, 1.85162750e+002, 4.20765045e+002,
       2.04673843e+002, 4.44798309e+002, 2.24734055e+002,
       4.70148712e+002, 2.45453247e+002, 4.96096100e+002,
       2.67034821e+002, 3.09111328e+002, 1.50849991e+002,
       3.30577606e+002, 1.69035431e+002, 3.52323578e+002,
       1.87961533e+002, 3.75082001e+002, 2.07299957e+002,
       3.98079437e+002, 2.27257370e+002, 4.22482178e+002,
       2.47739334e+002, 4.47128387e+002, 2.69178619e+002,
       4.72861328e+002, 2.90958832e+002, 2.87342316e+002,
       1.71079559e+002, 3.08066925e+002, 1.89745605e+002,
       3.30130005e+002, 2.09267502e+002, 3.52080261e+002,
       2.29314651e+002, 3.75683136e+002, 2.50019791e+002,
       3.99008789e+002, 2.70972412e+002, 4.24124176e+002,
       2.92972168e+002, 4.49252075e+002, 3.15352051e+002,
       2.66649750e+002, 1.15489655e+002, 2.89908142e+002,
       1.27763222e+002, 3.13795990e+002, 1.40386169e+002,
       3.38271271e+002, 1.53303284e+002, 3.63560913e+002,
       1.66558197e+002, 3.89457367e+002, 1.80075363e+002,
       4.16014923e+002, 1.94124466e+002, 4.43406921e+002,
       2.08446991e+002, 2.49272598e+002, 1.37704300e+002,
       2.72602173e+002, 1.50557175e+002, 2.96521942e+002,
       1.63599564e+002, 3.21049652e+002, 1.76903183e+002,
       3.46309418e+002, 1.90633652e+002, 3.72248688e+002,
       2.04649643e+002, 3.98793610e+002, 2.19087036e+002,
       4.26200745e+002, 2.33837646e+002, 2.31595840e+002,
       1.60458694e+002, 2.54836548e+002, 1.73615707e+002,
       2.78867767e+002, 1.87311035e+002, 3.03425049e+002,
       2.00989380e+002, 3.28605408e+002, 2.15245422e+002,
       3.54640961e+002, 2.29678482e+002, 3.81255859e+002,
       2.44619263e+002, 4.08660614e+002, 2.59837189e+002,
       2.13700150e+002, 1.83589615e+002, 2.37051178e+002,
       1.97373489e+002, 2.60906006e+002, 2.11177414e+002,
       2.85519257e+002, 2.25480988e+002, 3.10756866e+002,
       2.40222412e+002, 3.36684845e+002, 2.55206146e+002,
       3.63466431e+002, 2.70572052e+002, 3.90789246e+002,
       2.86437500e+002, 1.95523956e+002, 2.07327667e+002,
       2.18780045e+002, 2.21285278e+002, 2.42810669e+002,
       2.35724625e+002, 2.67360535e+002, 2.50485519e+002,
       2.92618713e+002, 2.65632446e+002, 3.18571594e+002,
       2.81216919e+002, 3.45217194e+002, 2.97186462e+002,
       3.72643921e+002, 3.13517242e+002, 1.76549774e+002,
       2.30718048e+002, 1.99876328e+002, 2.45377090e+002,
       2.23871078e+002, 2.60359711e+002, 2.48631332e+002,
       2.75898773e+002, 2.74117401e+002, 2.91664581e+002,
       2.99980682e+002, 3.07700745e+002, 3.26662079e+002,
       3.24296112e+002, 3.53979828e+002, 3.41046051e+002,
       3.38984253e+002, 5.94698143e+001, 3.67956451e+002,
       6.73612900e+001, 3.97348480e+002, 7.53018875e+001,
       4.27409515e+002, 8.33661423e+001, 4.58264557e+002,
       9.16925278e+001, 4.89617340e+002, 1.00094658e+002,
       5.21822632e+002, 1.08632507e+002, 5.54721130e+002,
       1.17468987e+002, 3.27417114e+002, 8.61551437e+001,
       3.56393036e+002, 9.45887375e+001, 3.86097809e+002,
       1.02790604e+002, 4.16287720e+002, 1.11393570e+002,
       4.47353088e+002, 1.19966080e+002, 4.78893890e+002,
       1.28701996e+002, 5.11390076e+002, 1.37832230e+002,
       5.44409119e+002, 1.46870026e+002, 3.15455902e+002,
       1.13596657e+002, 3.44655426e+002, 1.21948929e+002,
       3.74431122e+002, 1.31052750e+002, 4.04943329e+002,
       1.39684799e+002, 4.36062256e+002, 1.48806213e+002,
       4.68155060e+002, 1.58113297e+002, 5.00601196e+002,
       1.67511459e+002, 5.34021301e+002, 1.77156647e+002,
       3.03513580e+002, 1.41365448e+002, 3.32706665e+002,
       1.50468628e+002, 3.62880920e+002, 1.59477859e+002,
       3.93346771e+002, 1.68799866e+002, 4.25072327e+002,
       1.78362778e+002, 4.56883148e+002, 1.87857864e+002,
       4.90050110e+002, 1.97751144e+002, 5.23436462e+002,
       2.07797775e+002, 2.91201721e+002, 1.69806610e+002,
       3.21054443e+002, 1.79106644e+002, 3.50826965e+002,
       1.88689072e+002, 3.82042603e+002, 1.98506714e+002,
